lat: 40.54651745670276, 
lng: -3.329678177833557, 
zoom: 17, 
id: 1234, 
key: 'a_key'

